% start	end	CellId	IMSI	RNTI	LCID	nTxPDUs	TxBytes	nRxPDUs	RxBytes	delay	stdDev	min	max	PduSize	stdDev	min	max
0	0.25	22	1	1	3	55	4675	55	4675	0.00471429	0	0.00471429	0.00471429	85	0	85	85	
0	0.25	23	2	1	3	222	195556	218	190984	0.00471429	0	0.00471429	0.00471429	876.073	460.577	85	1143	
0	0.25	24	3	3	3	80	130392	53	68508	0.00854447	0.00351773	0.00471429	0.0117143	1292.6	1109.09	85	2292	
0	0.25	25	4	1	3	55	4675	55	4675	0.00471429	0	0.00471429	0.00471429	85	0	85	85	
0	0.25	27	6	1	3	217	162211	213	158343	0.00471429	0	0.00471429	0.00471429	743.394	384.597	85	967	
0	0.25	28	7	2	3	131	194316	124	178272	0.00900461	0.00342343	0.00471429	0.0117143	1437.68	1079.36	85	2292	
0	0.25	29	8	1	3	222	387439	218	378271	0.00471429	0	0.00471429	0.00471429	1735.19	960.77	85	2292	
0	0.25	30	9	1	3	55	4675	55	4675	0.00471429	0	0.00471429	0.00471429	85	0	85	85	
0	0.25	31	10	1	3	183	77731	180	76084	0.00471429	0	0.00471429	0.00471429	422.689	207.104	85	549	
0	0.25	32	11	1	3	222	42250	218	41350	0.00471429	0	0.00471429	0.00471429	189.679	60.946	85	225	
0	0.25	33	12	1	3	222	243652	218	237928	0.00471429	0	0.00471429	0.00471429	1091.41	585.952	85	1431	
0	0.25	34	13	1	3	222	108382	218	105898	0.00471429	0	0.00471429	0.00471429	485.771	233.336	85	621	
0	0.25	35	14	1	3	222	27554	218	27006	0.00471429	0	0.00471429	0.00471429	123.881	22.6371	85	137	
0	0.25	36	15	1	3	222	96358	218	94162	0.00471429	0	0.00471429	0.00471429	431.936	201.992	85	549	
0	0.25	37	16	1	3	222	27554	218	27006	0.00471429	0	0.00471429	0.00471429	123.881	22.6371	85	137	
0	0.25	21	17	5	3	78	38178	28	728	0.00471429	0	0.00471429	0.00471429	26	0	26	26	
0	0.25	12	18	1	3	222	42250	218	41350	0.00471429	0	0.00471429	0.00471429	189.679	60.946	85	225	
0	0.25	4	19	2	3	142	39038	136	36416	0.00867752	0.00348203	0.00471429	0.0117143	267.765	203.023	26	437	
0	0.25	7	20	3	3	70	13430	26	1946	0.0065989	0.00466756	0.00471429	0.0187143	74.8462	80.9482	41	261	
0	0.25	16	21	3	3	95	24177	56	6329	0.00796429	0.00581299	0.00471429	0.0257143	113.018	177.595	26	469	
0	0.25	3	22	3	3	188	82833	184	80349	0.00593168	0.00266048	0.00471429	0.0117143	436.679	275.881	26	621	
0	0.25	3	23	1	3	222	61049	218	59621	0.00471429	0	0.00471429	0.00471429	273.491	144.094	26	357	
0	0.25	6	24	6	3	139	40221	132	36938	0.00879762	0.00346419	0.00471429	0.0117143	279.833	224.678	15	469	
0	0.25	17	25	9	3	83	22991	77	21329	0.0113506	0.00224141	0.00471429	0.0187143	277	0	277	277	
0	0.25	6	26	4	3	142	40286	135	37003	0.00870688	0.00347807	0.00471429	0.0117143	274.096	225.407	15	469	
0	0.25	17	27	3	3	170	8180	166	7984	0.00471429	0	0.00471429	0.00471429	48.0964	5.14308	19	49	
0	0.25	17	28	2	3	171	22173	167	21641	0.00471429	0	0.00471429	0.00471429	129.587	19.4866	19	133	
0	0.25	7	29	1	3	222	13330	218	13070	0.00471429	0	0.00471429	0.00471429	59.9541	10.7869	41	85	
0	0.25	6	30	3	3	216	10940	212	10688	0.00471429	0	0.00471429	0.00471429	50.4151	21.0627	15	63	
0	0.25	13	31	3	3	222	78260	218	76384	0.00471429	0	0.00471429	0.00471429	350.385	199.809	15	469	
0	0.25	21	32	2	3	222	13056	218	12780	0.00471429	0	0.00471429	0.00471429	58.6239	17.9327	22	69	
0	0.25	13	33	6	3	217	76803	213	74927	0.00471429	0	0.00471429	0.00471429	351.77	199.163	15	469	
0	0.25	13	34	2	3	222	78714	218	76838	0.00471429	0	0.00471429	0.00471429	352.468	198.659	15	469	
0	0.25	10	35	2	3	222	93430	218	91234	0.00471429	0	0.00471429	0.00471429	418.505	222.463	41	549	
0	0.25	4	36	1	3	210	12168	206	11892	0.00471429	0	0.00471429	0.00471429	57.7282	18.9573	26	69	
0	0.25	13	37	1	3	222	63136	218	61644	0.00471429	0	0.00471429	0.00471429	282.771	155.69	15	373	
0	0.25	17	38	7	3	84	23268	78	21606	0.0116245	0.000792594	0.00471429	0.0117143	277	0	277	277	
0	0.25	2	39	1	3	222	42250	218	41350	0.00471429	0	0.00471429	0.00471429	189.679	60.946	85	225	
0	0.25	9	40	1	3	222	42250	218	41350	0.00471429	0	0.00471429	0.00471429	189.679	60.946	85	225	
0	0.25	13	41	4	3	222	77806	218	75930	0.00471429	0	0.00471429	0.00471429	348.303	200.929	15	469	
0	0.25	10	42	1	3	222	27806	218	27194	0.00471429	0	0.00471429	0.00471429	124.743	48.7568	41	153	
0	0.25	16	43	1	3	219	5694	216	5616	0.00471429	0	0.00471429	0.00471429	26	0	26	26	
0	0.25	21	44	1	3	221	5911	217	5807	0.00471429	0	0.00471429	0.00471429	26.7604	3.2981	26	41	
0	0.25	17	45	1	3	172	8278	168	8082	0.00471429	0	0.00471429	0.00471429	48.1071	5.11313	19	49	
0	0.25	16	46	2	3	222	12910	218	12634	0.00471429	0	0.00471429	0.00471429	57.9541	18.8305	26	69	
0	0.25	17	47	4	3	154	41368	149	39983	0.00527804	0.00191128	0.00471429	0.0117143	268.342	46.6189	19	277	
0	0.25	8	48	1	3	219	76695	215	74947	0.00471429	0	0.00471429	0.00471429	348.591	153.012	85	437	
0	0.25	4	49	3	3	222	24087	218	23539	0.00471429	0	0.00471429	0.00471429	107.977	48.8895	26	137	
0	0.25	3	50	2	3	222	104542	218	102058	0.00471429	0	0.00471429	0.00471429	468.156	260.562	26	621	
0	0.25	6	51	1	3	222	27064	218	26436	0.00471429	0	0.00471429	0.00471429	121.266	61.6611	15	157	
0	0.25	17	52	10	3	61	16897	54	14958	0.0165106	0.00426207	0.00471429	0.0187143	277	0	277	277	
0	0.25	17	53	8	3	83	22991	78	21606	0.0114451	0.00135487	0.00471429	0.0117143	277	0	277	277	
0	0.25	19	54	1	3	222	139444	218	136216	0.00471429	0	0.00471429	0.00471429	624.844	314.307	85	807	
0	0.25	11	55	1	3	55	4675	55	4675	0.00471429	0	0.00471429	0.00471429	85	0	85	85	
0	0.25	6	56	2	3	158	28298	152	26684	0.00766165	0.00346752	0.00471429	0.0117143	175.553	122.758	15	269	
0	0.25	18	57	1	3	53	4505	53	4505	0.00471429	0	0.00471429	0.00471429	85	0	85	85	
